El recorrido 0, 62, 5, 48, 89, 9, 83, 71, 20, 73, 58, 16, 14, 10, 31, 90, 97, 22, 44, 46, 92, 27, 66, 57, 60, 24, 80, 68, 72, 49, 43, 1, 53, 39, 63, 67, 84, 38, 29, 95, 77, 51, 4, 36, 32, 75, 12, 94, 81, 47, 99, 70, 40, 13, 2, 45, 28, 33, 82, 54, 11, 26, 85, 34, 19, 56, 6, 8, 86, 50, 76, 59, 61, 42, 7, 91, 74, 18, 52, 78, 17, 23, 37, 35, 98, 93, 21, 15, 87, 69, 65, 64, 3, 96, 55, 79, 30, 88, 41, 25 tiene longitud 27807
El recorrido 1, 43, 49, 72, 67, 84, 38, 29, 95, 77, 51, 4, 36, 32, 75, 12, 94, 81, 63, 39, 53, 68, 80, 24, 60, 50, 86, 8, 6, 56, 19, 11, 26, 85, 34, 61, 59, 76, 22, 97, 90, 44, 31, 10, 14, 16, 73, 20, 58, 71, 9, 83, 35, 37, 23, 17, 78, 52, 87, 15, 21, 93, 69, 65, 64, 3, 96, 55, 79, 30, 88, 41, 7, 91, 0, 62, 5, 48, 89, 18, 74, 25, 98, 46, 92, 27, 66, 57, 54, 82, 33, 28, 45, 2, 42, 13, 70, 40, 99, 47 tiene longitud 26133
El recorrido 2, 45, 28, 13, 70, 40, 99, 47, 51, 77, 95, 4, 36, 32, 75, 12, 94, 81, 49, 43, 72, 67, 84, 38, 29, 33, 82, 54, 11, 26, 85, 34, 19, 56, 6, 8, 86, 50, 60, 24, 80, 68, 63, 39, 53, 1, 66, 27, 92, 57, 76, 59, 61, 22, 97, 90, 44, 31, 10, 14, 16, 73, 20, 58, 71, 9, 83, 35, 37, 23, 17, 78, 52, 87, 15, 21, 93, 69, 65, 64, 3, 96, 55, 79, 30, 88, 41, 7, 91, 0, 62, 5, 48, 89, 18, 74, 25, 98, 46, 42 tiene longitud 26871
El recorrido 3, 64, 65, 25, 69, 21, 15, 87, 93, 17, 23, 37, 35, 98, 83, 9, 71, 20, 73, 58, 16, 14, 10, 31, 90, 97, 22, 44, 46, 62, 5, 48, 89, 78, 52, 18, 74, 96, 55, 79, 30, 88, 41, 7, 91, 0, 92, 27, 66, 57, 60, 24, 80, 68, 72, 49, 43, 1, 53, 39, 63, 67, 84, 38, 29, 95, 77, 51, 4, 36, 32, 75, 12, 94, 81, 47, 99, 70, 40, 13, 2, 45, 28, 33, 82, 54, 11, 26, 85, 34, 19, 56, 6, 8, 86, 50, 76, 59, 61, 42 tiene longitud 26478
El recorrido 4, 36, 77, 51, 95, 38, 29, 47, 99, 70, 40, 13, 2, 45, 28, 33, 82, 54, 11, 26, 85, 34, 19, 56, 6, 8, 86, 50, 60, 24, 80, 68, 72, 49, 43, 1, 53, 39, 63, 67, 84, 81, 94, 12, 32, 75, 42, 61, 59, 76, 22, 97, 90, 44, 31, 10, 14, 16, 73, 20, 58, 71, 9, 83, 35, 37, 23, 17, 78, 52, 87, 15, 21, 93, 69, 65, 64, 3, 96, 55, 79, 30, 88, 41, 7, 91, 0, 62, 5, 48, 89, 18, 74, 25, 98, 46, 92, 27, 66, 57 tiene longitud 28150
El recorrido 5, 48, 62, 0, 91, 7, 41, 88, 30, 79, 55, 96, 74, 18, 52, 78, 17, 23, 37, 35, 98, 83, 9, 71, 20, 73, 58, 16, 14, 10, 31, 90, 97, 22, 44, 46, 92, 27, 66, 57, 60, 24, 80, 68, 72, 49, 43, 1, 53, 39, 63, 67, 84, 38, 29, 95, 77, 51, 4, 36, 32, 75, 12, 94, 81, 47, 99, 70, 40, 13, 2, 45, 28, 33, 82, 54, 11, 26, 85, 34, 19, 56, 6, 8, 86, 50, 76, 59, 61, 42, 89, 87, 15, 21, 93, 69, 65, 64, 3, 25 tiene longitud 27061
El recorrido 6, 8, 56, 86, 50, 60, 24, 80, 68, 72, 49, 43, 1, 53, 39, 63, 67, 84, 38, 29, 95, 77, 51, 4, 36, 32, 75, 12, 94, 81, 47, 99, 70, 40, 13, 2, 45, 28, 33, 82, 54, 11, 26, 85, 34, 19, 61, 59, 76, 22, 97, 90, 44, 31, 10, 14, 16, 73, 20, 58, 71, 9, 83, 35, 37, 23, 17, 78, 52, 87, 15, 21, 93, 69, 65, 64, 3, 96, 55, 79, 30, 88, 41, 7, 91, 0, 62, 5, 48, 89, 18, 74, 25, 98, 46, 92, 27, 66, 57, 42 tiene longitud 26665
El recorrido 7, 91, 0, 62, 5, 48, 89, 9, 83, 71, 20, 73, 58, 16, 14, 10, 31, 90, 97, 22, 44, 46, 92, 27, 66, 57, 60, 24, 80, 68, 72, 49, 43, 1, 53, 39, 63, 67, 84, 38, 29, 95, 77, 51, 4, 36, 32, 75, 12, 94, 81, 47, 99, 70, 40, 13, 2, 45, 28, 33, 82, 54, 11, 26, 85, 34, 19, 56, 6, 8, 86, 50, 76, 59, 61, 42, 41, 88, 30, 79, 55, 96, 74, 18, 52, 78, 17, 23, 37, 35, 98, 93, 21, 15, 87, 69, 65, 64, 3, 25 tiene longitud 26719
El recorrido 8, 6, 56, 86, 50, 60, 24, 80, 68, 72, 49, 43, 1, 53, 39, 63, 67, 84, 38, 29, 95, 77, 51, 4, 36, 32, 75, 12, 94, 81, 47, 99, 70, 40, 13, 2, 45, 28, 33, 82, 54, 11, 26, 85, 34, 19, 61, 59, 76, 22, 97, 90, 44, 31, 10, 14, 16, 73, 20, 58, 71, 9, 83, 35, 37, 23, 17, 78, 52, 87, 15, 21, 93, 69, 65, 64, 3, 96, 55, 79, 30, 88, 41, 7, 91, 0, 62, 5, 48, 89, 18, 74, 25, 98, 46, 92, 27, 66, 57, 42 tiene longitud 26685
El recorrido 9, 83, 71, 20, 73, 58, 16, 14, 10, 31, 90, 97, 22, 44, 46, 62, 5, 48, 89, 78, 52, 87, 15, 21, 93, 69, 65, 64, 3, 96, 55, 79, 30, 88, 41, 7, 91, 0, 92, 27, 66, 57, 60, 24, 80, 68, 72, 49, 43, 1, 53, 39, 63, 67, 84, 38, 29, 95, 77, 51, 4, 36, 32, 75, 12, 94, 81, 47, 99, 70, 40, 13, 2, 45, 28, 33, 82, 54, 11, 26, 85, 34, 19, 56, 6, 8, 86, 50, 76, 59, 61, 42, 74, 18, 17, 23, 37, 35, 98, 25 tiene longitud 28537
El recorrido 10, 14, 16, 31, 90, 97, 22, 44, 46, 62, 5, 48, 89, 9, 83, 71, 20, 73, 58, 35, 37, 23, 17, 78, 52, 87, 15, 21, 93, 69, 65, 64, 3, 96, 55, 79, 30, 88, 41, 7, 91, 0, 92, 27, 66, 57, 60, 24, 80, 68, 72, 49, 43, 1, 53, 39, 63, 67, 84, 38, 29, 95, 77, 51, 4, 36, 32, 75, 12, 94, 81, 47, 99, 70, 40, 13, 2, 45, 28, 33, 82, 54, 11, 26, 85, 34, 19, 56, 6, 8, 86, 50, 76, 59, 61, 42, 74, 18, 25, 98 tiene longitud 28339
El recorrido 11, 26, 85, 34, 19, 56, 6, 8, 86, 50, 60, 24, 80, 68, 72, 49, 43, 1, 53, 39, 63, 67, 84, 38, 29, 95, 77, 51, 4, 36, 32, 75, 12, 94, 81, 47, 99, 70, 40, 13, 2, 45, 28, 33, 82, 54, 42, 61, 59, 76, 22, 97, 90, 44, 31, 10, 14, 16, 73, 20, 58, 71, 9, 83, 35, 37, 23, 17, 78, 52, 87, 15, 21, 93, 69, 65, 64, 3, 96, 55, 79, 30, 88, 41, 7, 91, 0, 62, 5, 48, 89, 18, 74, 25, 98, 46, 92, 27, 66, 57 tiene longitud 26568
El recorrido 12, 32, 75, 94, 81, 49, 43, 72, 67, 84, 38, 29, 95, 77, 51, 4, 36, 47, 99, 70, 40, 13, 2, 45, 28, 33, 82, 54, 11, 26, 85, 34, 19, 56, 6, 8, 86, 50, 60, 24, 80, 68, 63, 39, 53, 1, 66, 27, 92, 57, 76, 59, 61, 22, 97, 90, 44, 31, 10, 14, 16, 73, 20, 58, 71, 9, 83, 35, 37, 23, 17, 78, 52, 87, 15, 21, 93, 69, 65, 64, 3, 96, 55, 79, 30, 88, 41, 7, 91, 0, 62, 5, 48, 89, 18, 74, 25, 98, 46, 42 tiene longitud 28280
El recorrido 13, 2, 45, 28, 33, 82, 54, 11, 26, 85, 34, 19, 56, 6, 8, 86, 50, 60, 24, 80, 68, 72, 49, 43, 1, 53, 39, 63, 67, 84, 38, 29, 95, 77, 51, 4, 36, 32, 75, 12, 94, 81, 47, 99, 70, 40, 42, 61, 59, 76, 22, 97, 90, 44, 31, 10, 14, 16, 73, 20, 58, 71, 9, 83, 35, 37, 23, 17, 78, 52, 87, 15, 21, 93, 69, 65, 64, 3, 96, 55, 79, 30, 88, 41, 7, 91, 0, 62, 5, 48, 89, 18, 74, 25, 98, 46, 92, 27, 66, 57 tiene longitud 27150
El recorrido 14, 16, 10, 31, 90, 97, 22, 44, 46, 62, 5, 48, 89, 9, 83, 71, 20, 73, 58, 35, 37, 23, 17, 78, 52, 87, 15, 21, 93, 69, 65, 64, 3, 96, 55, 79, 30, 88, 41, 7, 91, 0, 92, 27, 66, 57, 60, 24, 80, 68, 72, 49, 43, 1, 53, 39, 63, 67, 84, 38, 29, 95, 77, 51, 4, 36, 32, 75, 12, 94, 81, 47, 99, 70, 40, 13, 2, 45, 28, 33, 82, 54, 11, 26, 85, 34, 19, 56, 6, 8, 86, 50, 76, 59, 61, 42, 74, 18, 25, 98 tiene longitud 28259
El recorrido 15, 87, 21, 93, 69, 52, 78, 17, 23, 37, 35, 98, 83, 9, 71, 20, 73, 58, 16, 14, 10, 31, 90, 97, 22, 44, 46, 62, 5, 48, 89, 18, 74, 96, 55, 79, 30, 88, 41, 7, 91, 0, 92, 27, 66, 57, 60, 24, 80, 68, 72, 49, 43, 1, 53, 39, 63, 67, 84, 38, 29, 95, 77, 51, 4, 36, 32, 75, 12, 94, 81, 47, 99, 70, 40, 13, 2, 45, 28, 33, 82, 54, 11, 26, 85, 34, 19, 56, 6, 8, 86, 50, 76, 59, 61, 42, 3, 64, 65, 25 tiene longitud 26805
El recorrido 16, 14, 10, 31, 90, 97, 22, 44, 46, 62, 5, 48, 89, 9, 83, 71, 20, 73, 58, 35, 37, 23, 17, 78, 52, 87, 15, 21, 93, 69, 65, 64, 3, 96, 55, 79, 30, 88, 41, 7, 91, 0, 92, 27, 66, 57, 60, 24, 80, 68, 72, 49, 43, 1, 53, 39, 63, 67, 84, 38, 29, 95, 77, 51, 4, 36, 32, 75, 12, 94, 81, 47, 99, 70, 40, 13, 2, 45, 28, 33, 82, 54, 11, 26, 85, 34, 19, 56, 6, 8, 86, 50, 76, 59, 61, 42, 74, 18, 25, 98 tiene longitud 28244
El recorrido 17, 23, 37, 35, 98, 83, 9, 71, 20, 73, 58, 16, 14, 10, 31, 90, 97, 22, 44, 46, 62, 5, 48, 89, 78, 52, 87, 15, 21, 93, 69, 65, 64, 3, 96, 55, 79, 30, 88, 41, 7, 91, 0, 92, 27, 66, 57, 60, 24, 80, 68, 72, 49, 43, 1, 53, 39, 63, 67, 84, 38, 29, 95, 77, 51, 4, 36, 32, 75, 12, 94, 81, 47, 99, 70, 40, 13, 2, 45, 28, 33, 82, 54, 11, 26, 85, 34, 19, 56, 6, 8, 86, 50, 76, 59, 61, 42, 74, 18, 25 tiene longitud 27211
El recorrido 18, 74, 96, 55, 79, 30, 88, 41, 7, 91, 0, 62, 5, 48, 89, 9, 83, 71, 20, 73, 58, 16, 14, 10, 31, 90, 97, 22, 44, 46, 92, 27, 66, 57, 60, 24, 80, 68, 72, 49, 43, 1, 53, 39, 63, 67, 84, 38, 29, 95, 77, 51, 4, 36, 32, 75, 12, 94, 81, 47, 99, 70, 40, 13, 2, 45, 28, 33, 82, 54, 11, 26, 85, 34, 19, 56, 6, 8, 86, 50, 76, 59, 61, 42, 35, 37, 23, 17, 78, 52, 87, 15, 21, 93, 69, 65, 64, 3, 25, 98 tiene longitud 27955
El recorrido 19, 11, 26, 85, 34, 61, 59, 76, 22, 97, 90, 44, 31, 10, 14, 16, 73, 20, 58, 71, 9, 83, 35, 37, 23, 17, 78, 52, 87, 15, 21, 93, 69, 65, 64, 3, 96, 55, 79, 30, 88, 41, 7, 91, 0, 62, 5, 48, 89, 18, 74, 25, 98, 46, 92, 27, 66, 57, 60, 24, 80, 68, 72, 49, 43, 1, 53, 39, 63, 67, 84, 38, 29, 95, 77, 51, 4, 36, 32, 75, 12, 94, 81, 47, 99, 70, 40, 13, 2, 45, 28, 33, 82, 54, 6, 8, 56, 86, 50, 42 tiene longitud 26355
El recorrido 20, 73, 58, 71, 9, 83, 35, 37, 23, 17, 78, 52, 87, 15, 21, 93, 69, 65, 64, 3, 96, 55, 79, 30, 88, 41, 7, 91, 0, 62, 5, 48, 89, 18, 74, 25, 98, 16, 14, 10, 31, 90, 97, 22, 44, 46, 92, 27, 66, 57, 60, 24, 80, 68, 72, 49, 43, 1, 53, 39, 63, 67, 84, 38, 29, 95, 77, 51, 4, 36, 32, 75, 12, 94, 81, 47, 99, 70, 40, 13, 2, 45, 28, 33, 82, 54, 11, 26, 85, 34, 19, 56, 6, 8, 86, 50, 76, 59, 61, 42 tiene longitud 28016
El recorrido 21, 15, 87, 93, 69, 52, 78, 17, 23, 37, 35, 98, 83, 9, 71, 20, 73, 58, 16, 14, 10, 31, 90, 97, 22, 44, 46, 62, 5, 48, 89, 18, 74, 96, 55, 79, 30, 88, 41, 7, 91, 0, 92, 27, 66, 57, 60, 24, 80, 68, 72, 49, 43, 1, 53, 39, 63, 67, 84, 38, 29, 95, 77, 51, 4, 36, 32, 75, 12, 94, 81, 47, 99, 70, 40, 13, 2, 45, 28, 33, 82, 54, 11, 26, 85, 34, 19, 56, 6, 8, 86, 50, 76, 59, 61, 42, 3, 64, 65, 25 tiene longitud 26785
El recorrido 22, 97, 90, 44, 31, 10, 14, 16, 73, 20, 58, 71, 9, 83, 35, 37, 23, 17, 78, 52, 87, 15, 21, 93, 69, 65, 64, 3, 96, 55, 79, 30, 88, 41, 7, 91, 0, 62, 5, 48, 89, 18, 74, 25, 98, 46, 92, 27, 66, 57, 60, 24, 80, 68, 72, 49, 43, 1, 53, 39, 63, 67, 84, 38, 29, 95, 77, 51, 4, 36, 32, 75, 12, 94, 81, 47, 99, 70, 40, 13, 2, 45, 28, 33, 82, 54, 11, 26, 85, 34, 19, 56, 6, 8, 86, 50, 76, 59, 61, 42 tiene longitud 27233
El recorrido 23, 37, 35, 98, 17, 78, 52, 87, 15, 21, 93, 69, 65, 64, 3, 96, 55, 79, 30, 88, 41, 7, 91, 0, 62, 5, 48, 89, 9, 83, 71, 20, 73, 58, 16, 14, 10, 31, 90, 97, 22, 44, 46, 92, 27, 66, 57, 60, 24, 80, 68, 72, 49, 43, 1, 53, 39, 63, 67, 84, 38, 29, 95, 77, 51, 4, 36, 32, 75, 12, 94, 81, 47, 99, 70, 40, 13, 2, 45, 28, 33, 82, 54, 11, 26, 85, 34, 19, 56, 6, 8, 86, 50, 76, 59, 61, 42, 74, 18, 25 tiene longitud 27387
El recorrido 24, 80, 60, 50, 86, 8, 6, 56, 19, 11, 26, 85, 34, 61, 59, 76, 22, 97, 90, 44, 31, 10, 14, 16, 73, 20, 58, 71, 9, 83, 35, 37, 23, 17, 78, 52, 87, 15, 21, 93, 69, 65, 64, 3, 96, 55, 79, 30, 88, 41, 7, 91, 0, 62, 5, 48, 89, 18, 74, 25, 98, 46, 92, 27, 66, 57, 68, 72, 49, 43, 1, 53, 39, 63, 67, 84, 38, 29, 95, 77, 51, 4, 36, 32, 75, 12, 94, 81, 47, 99, 70, 40, 13, 2, 45, 28, 33, 82, 54, 42 tiene longitud 26233
El recorrido 25, 64, 65, 3, 96, 55, 79, 30, 88, 41, 7, 91, 0, 62, 5, 48, 89, 9, 83, 71, 20, 73, 58, 16, 14, 10, 31, 90, 97, 22, 44, 46, 92, 27, 66, 57, 60, 24, 80, 68, 72, 49, 43, 1, 53, 39, 63, 67, 84, 38, 29, 95, 77, 51, 4, 36, 32, 75, 12, 94, 81, 47, 99, 70, 40, 13, 2, 45, 28, 33, 82, 54, 11, 26, 85, 34, 19, 56, 6, 8, 86, 50, 76, 59, 61, 42, 74, 18, 52, 78, 17, 23, 37, 35, 98, 93, 21, 15, 87, 69 tiene longitud 26288
El recorrido 26, 85, 34, 19, 11, 6, 8, 56, 86, 50, 60, 24, 80, 68, 72, 49, 43, 1, 53, 39, 63, 67, 84, 38, 29, 95, 77, 51, 4, 36, 32, 75, 12, 94, 81, 47, 99, 70, 40, 13, 2, 45, 28, 33, 82, 54, 42, 61, 59, 76, 22, 97, 90, 44, 31, 10, 14, 16, 73, 20, 58, 71, 9, 83, 35, 37, 23, 17, 78, 52, 87, 15, 21, 93, 69, 65, 64, 3, 96, 55, 79, 30, 88, 41, 7, 91, 0, 62, 5, 48, 89, 18, 74, 25, 98, 46, 92, 27, 66, 57 tiene longitud 26678
El recorrido 27, 92, 57, 60, 24, 80, 68, 72, 49, 43, 1, 53, 39, 63, 67, 84, 38, 29, 95, 77, 51, 4, 36, 32, 75, 12, 94, 81, 47, 99, 70, 40, 13, 2, 45, 28, 33, 82, 54, 11, 26, 85, 34, 19, 56, 6, 8, 86, 50, 76, 59, 61, 22, 97, 90, 44, 31, 10, 14, 16, 73, 20, 58, 71, 9, 83, 35, 37, 23, 17, 78, 52, 87, 15, 21, 93, 69, 65, 64, 3, 96, 55, 79, 30, 88, 41, 7, 91, 0, 62, 5, 48, 89, 18, 74, 25, 98, 46, 66, 42 tiene longitud 28692
El recorrido 28, 45, 2, 42, 13, 70, 40, 99, 47, 51, 77, 95, 4, 36, 32, 75, 12, 94, 81, 49, 43, 72, 67, 84, 38, 29, 33, 82, 54, 11, 26, 85, 34, 19, 56, 6, 8, 86, 50, 60, 24, 80, 68, 63, 39, 53, 1, 66, 27, 92, 57, 76, 59, 61, 22, 97, 90, 44, 31, 10, 14, 16, 73, 20, 58, 71, 9, 83, 35, 37, 23, 17, 78, 52, 87, 15, 21, 93, 69, 65, 64, 3, 96, 55, 79, 30, 88, 41, 7, 91, 0, 62, 5, 48, 89, 18, 74, 25, 98, 46 tiene longitud 26839
El recorrido 29, 38, 95, 77, 51, 4, 36, 32, 75, 12, 94, 81, 49, 43, 72, 67, 84, 80, 24, 60, 50, 86, 8, 6, 56, 19, 11, 26, 85, 34, 61, 59, 76, 22, 97, 90, 44, 31, 10, 14, 16, 73, 20, 58, 71, 9, 83, 35, 37, 23, 17, 78, 52, 87, 15, 21, 93, 69, 65, 64, 3, 96, 55, 79, 30, 88, 41, 7, 91, 0, 62, 5, 48, 89, 18, 74, 25, 98, 46, 92, 27, 66, 57, 68, 63, 39, 53, 1, 33, 82, 54, 45, 2, 42, 28, 13, 70, 40, 99, 47 tiene longitud 25647
El recorrido 30, 79, 41, 88, 7, 91, 0, 62, 5, 48, 89, 9, 83, 71, 20, 73, 58, 16, 14, 10, 31, 90, 97, 22, 44, 46, 92, 27, 66, 57, 60, 24, 80, 68, 72, 49, 43, 1, 53, 39, 63, 67, 84, 38, 29, 95, 77, 51, 4, 36, 32, 75, 12, 94, 81, 47, 99, 70, 40, 13, 2, 45, 28, 33, 82, 54, 11, 26, 85, 34, 19, 56, 6, 8, 86, 50, 76, 59, 61, 42, 74, 18, 52, 78, 17, 23, 37, 35, 98, 93, 21, 15, 87, 69, 65, 64, 3, 96, 55, 25 tiene longitud 27489
El recorrido 31, 10, 14, 16, 73, 20, 58, 71, 9, 83, 35, 37, 23, 17, 78, 52, 87, 15, 21, 93, 69, 65, 64, 3, 96, 55, 79, 30, 88, 41, 7, 91, 0, 62, 5, 48, 89, 18, 74, 25, 98, 46, 90, 97, 22, 44, 59, 61, 76, 19, 11, 26, 85, 34, 56, 6, 8, 86, 50, 60, 24, 80, 68, 72, 49, 43, 1, 53, 39, 63, 67, 84, 38, 29, 95, 77, 51, 4, 36, 32, 75, 12, 94, 81, 47, 99, 70, 40, 13, 2, 45, 28, 33, 82, 54, 42, 57, 27, 92, 66 tiene longitud 27579
El recorrido 32, 75, 12, 94, 81, 49, 43, 72, 67, 84, 38, 29, 95, 77, 51, 4, 36, 47, 99, 70, 40, 13, 2, 45, 28, 33, 82, 54, 11, 26, 85, 34, 19, 56, 6, 8, 86, 50, 60, 24, 80, 68, 63, 39, 53, 1, 66, 27, 92, 57, 76, 59, 61, 22, 97, 90, 44, 31, 10, 14, 16, 73, 20, 58, 71, 9, 83, 35, 37, 23, 17, 78, 52, 87, 15, 21, 93, 69, 65, 64, 3, 96, 55, 79, 30, 88, 41, 7, 91, 0, 62, 5, 48, 89, 18, 74, 25, 98, 46, 42 tiene longitud 28240
El recorrido 33, 82, 54, 11, 26, 85, 34, 19, 56, 6, 8, 86, 50, 60, 24, 80, 68, 72, 49, 43, 1, 53, 39, 63, 67, 84, 38, 29, 95, 77, 51, 4, 36, 32, 75, 12, 94, 81, 47, 99, 70, 40, 13, 2, 45, 28, 42, 61, 59, 76, 22, 97, 90, 44, 31, 10, 14, 16, 73, 20, 58, 71, 9, 83, 35, 37, 23, 17, 78, 52, 87, 15, 21, 93, 69, 65, 64, 3, 96, 55, 79, 30, 88, 41, 7, 91, 0, 62, 5, 48, 89, 18, 74, 25, 98, 46, 92, 27, 66, 57 tiene longitud 26466
El recorrido 34, 85, 26, 11, 19, 56, 6, 8, 86, 50, 60, 24, 80, 68, 72, 49, 43, 1, 53, 39, 63, 67, 84, 38, 29, 95, 77, 51, 4, 36, 32, 75, 12, 94, 81, 47, 99, 70, 40, 13, 2, 45, 28, 33, 82, 54, 42, 61, 59, 76, 22, 97, 90, 44, 31, 10, 14, 16, 73, 20, 58, 71, 9, 83, 35, 37, 23, 17, 78, 52, 87, 15, 21, 93, 69, 65, 64, 3, 96, 55, 79, 30, 88, 41, 7, 91, 0, 62, 5, 48, 89, 18, 74, 25, 98, 46, 92, 27, 66, 57 tiene longitud 26571
El recorrido 35, 37, 23, 17, 78, 52, 87, 15, 21, 93, 69, 65, 64, 3, 96, 55, 79, 30, 88, 41, 7, 91, 0, 62, 5, 48, 89, 9, 83, 71, 20, 73, 58, 16, 14, 10, 31, 90, 97, 22, 44, 46, 92, 27, 66, 57, 60, 24, 80, 68, 72, 49, 43, 1, 53, 39, 63, 67, 84, 38, 29, 95, 77, 51, 4, 36, 32, 75, 12, 94, 81, 47, 99, 70, 40, 13, 2, 45, 28, 33, 82, 54, 11, 26, 85, 34, 19, 56, 6, 8, 86, 50, 76, 59, 61, 42, 74, 18, 25, 98 tiene longitud 27382
El recorrido 36, 4, 77, 51, 95, 38, 29, 47, 99, 70, 40, 13, 2, 45, 28, 33, 82, 54, 11, 26, 85, 34, 19, 56, 6, 8, 86, 50, 60, 24, 80, 68, 72, 49, 43, 1, 53, 39, 63, 67, 84, 81, 94, 12, 32, 75, 42, 61, 59, 76, 22, 97, 90, 44, 31, 10, 14, 16, 73, 20, 58, 71, 9, 83, 35, 37, 23, 17, 78, 52, 87, 15, 21, 93, 69, 65, 64, 3, 96, 55, 79, 30, 88, 41, 7, 91, 0, 62, 5, 48, 89, 18, 74, 25, 98, 46, 92, 27, 66, 57 tiene longitud 28087
El recorrido 37, 23, 17, 78, 52, 87, 15, 21, 93, 69, 65, 64, 3, 96, 55, 79, 30, 88, 41, 7, 91, 0, 62, 5, 48, 89, 9, 83, 71, 20, 73, 58, 16, 14, 10, 31, 90, 97, 22, 44, 46, 92, 27, 66, 57, 60, 24, 80, 68, 72, 49, 43, 1, 53, 39, 63, 67, 84, 38, 29, 95, 77, 51, 4, 36, 32, 75, 12, 94, 81, 47, 99, 70, 40, 13, 2, 45, 28, 33, 82, 54, 11, 26, 85, 34, 19, 56, 6, 8, 86, 50, 76, 59, 61, 42, 74, 18, 25, 35, 98 tiene longitud 27351
El recorrido 38, 29, 95, 77, 51, 4, 36, 32, 75, 12, 94, 81, 49, 43, 72, 67, 84, 80, 24, 60, 50, 86, 8, 6, 56, 19, 11, 26, 85, 34, 61, 59, 76, 22, 97, 90, 44, 31, 10, 14, 16, 73, 20, 58, 71, 9, 83, 35, 37, 23, 17, 78, 52, 87, 15, 21, 93, 69, 65, 64, 3, 96, 55, 79, 30, 88, 41, 7, 91, 0, 62, 5, 48, 89, 18, 74, 25, 98, 46, 92, 27, 66, 57, 68, 63, 39, 53, 1, 33, 82, 54, 45, 2, 42, 28, 13, 70, 40, 99, 47 tiene longitud 25878
El recorrido 39, 63, 53, 1, 43, 49, 72, 67, 84, 38, 29, 95, 77, 51, 4, 36, 32, 75, 12, 94, 81, 68, 80, 24, 60, 50, 86, 8, 6, 56, 19, 11, 26, 85, 34, 61, 59, 76, 22, 97, 90, 44, 31, 10, 14, 16, 73, 20, 58, 71, 9, 83, 35, 37, 23, 17, 78, 52, 87, 15, 21, 93, 69, 65, 64, 3, 96, 55, 79, 30, 88, 41, 7, 91, 0, 62, 5, 48, 89, 18, 74, 25, 98, 46, 92, 27, 66, 57, 54, 82, 33, 28, 45, 2, 42, 13, 70, 40, 99, 47 tiene longitud 26309
El recorrido 40, 70, 99, 47, 13, 2, 45, 28, 33, 82, 54, 11, 26, 85, 34, 19, 56, 6, 8, 86, 50, 60, 24, 80, 68, 72, 49, 43, 1, 53, 39, 63, 67, 84, 38, 29, 95, 77, 51, 4, 36, 32, 75, 12, 94, 81, 57, 27, 92, 66, 0, 62, 5, 48, 89, 9, 83, 71, 20, 73, 58, 16, 14, 10, 31, 90, 97, 22, 44, 46, 91, 7, 41, 88, 30, 79, 55, 96, 74, 18, 52, 78, 17, 23, 37, 35, 98, 93, 21, 15, 87, 69, 65, 64, 3, 25, 76, 59, 61, 42 tiene longitud 26224
El recorrido 41, 88, 30, 79, 55, 96, 74, 18, 52, 78, 17, 23, 37, 35, 98, 83, 9, 71, 20, 73, 58, 16, 14, 10, 31, 90, 97, 22, 44, 46, 62, 5, 48, 89, 91, 7, 0, 92, 27, 66, 57, 60, 24, 80, 68, 72, 49, 43, 1, 53, 39, 63, 67, 84, 38, 29, 95, 77, 51, 4, 36, 32, 75, 12, 94, 81, 47, 99, 70, 40, 13, 2, 45, 28, 33, 82, 54, 11, 26, 85, 34, 19, 56, 6, 8, 86, 50, 76, 59, 61, 42, 3, 64, 65, 25, 69, 21, 15, 87, 93 tiene longitud 27904
El recorrido 42, 2, 45, 28, 13, 70, 40, 99, 47, 51, 77, 95, 4, 36, 32, 75, 12, 94, 81, 49, 43, 72, 67, 84, 38, 29, 33, 82, 54, 11, 26, 85, 34, 19, 56, 6, 8, 86, 50, 60, 24, 80, 68, 63, 39, 53, 1, 66, 27, 92, 57, 76, 59, 61, 22, 97, 90, 44, 31, 10, 14, 16, 73, 20, 58, 71, 9, 83, 35, 37, 23, 17, 78, 52, 87, 15, 21, 93, 69, 65, 64, 3, 96, 55, 79, 30, 88, 41, 7, 91, 0, 62, 5, 48, 89, 18, 74, 25, 98, 46 tiene longitud 26871
El recorrido 43, 49, 72, 67, 84, 38, 29, 95, 77, 51, 4, 36, 32, 75, 12, 94, 81, 1, 53, 39, 63, 68, 80, 24, 60, 50, 86, 8, 6, 56, 19, 11, 26, 85, 34, 61, 59, 76, 22, 97, 90, 44, 31, 10, 14, 16, 73, 20, 58, 71, 9, 83, 35, 37, 23, 17, 78, 52, 87, 15, 21, 93, 69, 65, 64, 3, 96, 55, 79, 30, 88, 41, 7, 91, 0, 62, 5, 48, 89, 18, 74, 25, 98, 46, 92, 27, 66, 57, 54, 82, 33, 28, 45, 2, 42, 13, 70, 40, 99, 47 tiene longitud 25525
El recorrido 44, 90, 97, 22, 59, 61, 76, 19, 11, 26, 85, 34, 56, 6, 8, 86, 50, 60, 24, 80, 68, 72, 49, 43, 1, 53, 39, 63, 67, 84, 38, 29, 95, 77, 51, 4, 36, 32, 75, 12, 94, 81, 47, 99, 70, 40, 13, 2, 45, 28, 33, 82, 54, 42, 57, 27, 92, 66, 0, 62, 5, 48, 89, 9, 83, 71, 20, 73, 58, 16, 14, 10, 31, 46, 91, 7, 41, 88, 30, 79, 55, 96, 74, 18, 52, 78, 17, 23, 37, 35, 98, 93, 21, 15, 87, 69, 65, 64, 3, 25 tiene longitud 26484
El recorrido 45, 2, 42, 28, 13, 70, 40, 99, 47, 51, 77, 95, 4, 36, 32, 75, 12, 94, 81, 49, 43, 72, 67, 84, 38, 29, 33, 82, 54, 11, 26, 85, 34, 19, 56, 6, 8, 86, 50, 60, 24, 80, 68, 63, 39, 53, 1, 66, 27, 92, 57, 76, 59, 61, 22, 97, 90, 44, 31, 10, 14, 16, 73, 20, 58, 71, 9, 83, 35, 37, 23, 17, 78, 52, 87, 15, 21, 93, 69, 65, 64, 3, 96, 55, 79, 30, 88, 41, 7, 91, 0, 62, 5, 48, 89, 18, 74, 25, 98, 46 tiene longitud 26955
El recorrido 46, 31, 10, 14, 16, 73, 20, 58, 71, 9, 83, 35, 37, 23, 17, 78, 52, 87, 15, 21, 93, 69, 65, 64, 3, 96, 55, 79, 30, 88, 41, 7, 91, 0, 62, 5, 48, 89, 18, 74, 25, 98, 44, 90, 97, 22, 59, 61, 76, 19, 11, 26, 85, 34, 56, 6, 8, 86, 50, 60, 24, 80, 68, 72, 49, 43, 1, 53, 39, 63, 67, 84, 38, 29, 95, 77, 51, 4, 36, 32, 75, 12, 94, 81, 47, 99, 70, 40, 13, 2, 45, 28, 33, 82, 54, 42, 57, 27, 92, 66 tiene longitud 27214
El recorrido 47, 99, 70, 40, 13, 2, 45, 28, 33, 82, 54, 11, 26, 85, 34, 19, 56, 6, 8, 86, 50, 60, 24, 80, 68, 72, 49, 43, 1, 53, 39, 63, 67, 84, 38, 29, 95, 77, 51, 4, 36, 32, 75, 12, 94, 81, 57, 27, 92, 66, 0, 62, 5, 48, 89, 9, 83, 71, 20, 73, 58, 16, 14, 10, 31, 90, 97, 22, 44, 46, 91, 7, 41, 88, 30, 79, 55, 96, 74, 18, 52, 78, 17, 23, 37, 35, 98, 93, 21, 15, 87, 69, 65, 64, 3, 25, 76, 59, 61, 42 tiene longitud 26432
El recorrido 48, 5, 62, 0, 91, 7, 41, 88, 30, 79, 55, 96, 74, 18, 52, 78, 17, 23, 37, 35, 98, 83, 9, 71, 20, 73, 58, 16, 14, 10, 31, 90, 97, 22, 44, 46, 92, 27, 66, 57, 60, 24, 80, 68, 72, 49, 43, 1, 53, 39, 63, 67, 84, 38, 29, 95, 77, 51, 4, 36, 32, 75, 12, 94, 81, 47, 99, 70, 40, 13, 2, 45, 28, 33, 82, 54, 11, 26, 85, 34, 19, 56, 6, 8, 86, 50, 76, 59, 61, 42, 89, 87, 15, 21, 93, 69, 65, 64, 3, 25 tiene longitud 26979
El recorrido 49, 43, 72, 67, 84, 38, 29, 95, 77, 51, 4, 36, 32, 75, 12, 94, 81, 1, 53, 39, 63, 68, 80, 24, 60, 50, 86, 8, 6, 56, 19, 11, 26, 85, 34, 61, 59, 76, 22, 97, 90, 44, 31, 10, 14, 16, 73, 20, 58, 71, 9, 83, 35, 37, 23, 17, 78, 52, 87, 15, 21, 93, 69, 65, 64, 3, 96, 55, 79, 30, 88, 41, 7, 91, 0, 62, 5, 48, 89, 18, 74, 25, 98, 46, 92, 27, 66, 57, 54, 82, 33, 28, 45, 2, 42, 13, 70, 40, 99, 47 tiene longitud 25420
El recorrido 50, 86, 8, 6, 56, 19, 11, 26, 85, 34, 61, 59, 76, 22, 97, 90, 44, 31, 10, 14, 16, 73, 20, 58, 71, 9, 83, 35, 37, 23, 17, 78, 52, 87, 15, 21, 93, 69, 65, 64, 3, 96, 55, 79, 30, 88, 41, 7, 91, 0, 62, 5, 48, 89, 18, 74, 25, 98, 46, 92, 27, 66, 57, 60, 24, 80, 68, 72, 49, 43, 1, 53, 39, 63, 67, 84, 38, 29, 95, 77, 51, 4, 36, 32, 75, 12, 94, 81, 47, 99, 70, 40, 13, 2, 45, 28, 33, 82, 54, 42 tiene longitud 25943
El recorrido 51, 77, 95, 4, 36, 32, 75, 12, 94, 81, 49, 43, 72, 67, 84, 38, 29, 47, 99, 70, 40, 13, 2, 45, 28, 33, 82, 54, 11, 26, 85, 34, 19, 56, 6, 8, 86, 50, 60, 24, 80, 68, 63, 39, 53, 1, 66, 27, 92, 57, 76, 59, 61, 22, 97, 90, 44, 31, 10, 14, 16, 73, 20, 58, 71, 9, 83, 35, 37, 23, 17, 78, 52, 87, 15, 21, 93, 69, 65, 64, 3, 96, 55, 79, 30, 88, 41, 7, 91, 0, 62, 5, 48, 89, 18, 74, 25, 98, 46, 42 tiene longitud 27333
El recorrido 52, 78, 17, 23, 37, 35, 98, 83, 9, 71, 20, 73, 58, 16, 14, 10, 31, 90, 97, 22, 44, 46, 62, 5, 48, 89, 18, 74, 96, 55, 79, 30, 88, 41, 7, 91, 0, 92, 27, 66, 57, 60, 24, 80, 68, 72, 49, 43, 1, 53, 39, 63, 67, 84, 38, 29, 95, 77, 51, 4, 36, 32, 75, 12, 94, 81, 47, 99, 70, 40, 13, 2, 45, 28, 33, 82, 54, 11, 26, 85, 34, 19, 56, 6, 8, 86, 50, 76, 59, 61, 42, 3, 64, 65, 25, 69, 21, 15, 87, 93 tiene longitud 26486
El recorrido 53, 39, 63, 68, 72, 49, 43, 1, 81, 94, 12, 32, 75, 36, 4, 77, 51, 95, 38, 29, 47, 99, 70, 40, 13, 2, 45, 28, 33, 82, 54, 11, 26, 85, 34, 19, 56, 6, 8, 86, 50, 60, 24, 80, 67, 84, 42, 61, 59, 76, 22, 97, 90, 44, 31, 10, 14, 16, 73, 20, 58, 71, 9, 83, 35, 37, 23, 17, 78, 52, 87, 15, 21, 93, 69, 65, 64, 3, 96, 55, 79, 30, 88, 41, 7, 91, 0, 62, 5, 48, 89, 18, 74, 25, 98, 46, 92, 27, 66, 57 tiene longitud 26131
El recorrido 54, 82, 33, 28, 45, 2, 42, 13, 70, 40, 99, 47, 51, 77, 95, 4, 36, 32, 75, 12, 94, 81, 49, 43, 72, 67, 84, 38, 29, 8, 6, 56, 86, 50, 60, 24, 80, 68, 63, 39, 53, 1, 66, 27, 92, 57, 76, 59, 61, 85, 26, 11, 19, 34, 22, 97, 90, 44, 31, 10, 14, 16, 73, 20, 58, 71, 9, 83, 35, 37, 23, 17, 78, 52, 87, 15, 21, 93, 69, 65, 64, 3, 96, 55, 79, 30, 88, 41, 7, 91, 0, 62, 5, 48, 89, 18, 74, 25, 98, 46 tiene longitud 27176
El recorrido 55, 96, 74, 18, 52, 78, 17, 23, 37, 35, 98, 83, 9, 71, 20, 73, 58, 16, 14, 10, 31, 90, 97, 22, 44, 46, 62, 5, 48, 89, 91, 7, 41, 88, 30, 79, 3, 64, 65, 25, 69, 21, 15, 87, 93, 0, 92, 27, 66, 57, 60, 24, 80, 68, 72, 49, 43, 1, 53, 39, 63, 67, 84, 38, 29, 95, 77, 51, 4, 36, 32, 75, 12, 94, 81, 47, 99, 70, 40, 13, 2, 45, 28, 33, 82, 54, 11, 26, 85, 34, 19, 56, 6, 8, 86, 50, 76, 59, 61, 42 tiene longitud 27682
El recorrido 56, 6, 8, 86, 50, 60, 24, 80, 68, 72, 49, 43, 1, 53, 39, 63, 67, 84, 38, 29, 95, 77, 51, 4, 36, 32, 75, 12, 94, 81, 47, 99, 70, 40, 13, 2, 45, 28, 33, 82, 54, 11, 26, 85, 34, 19, 61, 59, 76, 22, 97, 90, 44, 31, 10, 14, 16, 73, 20, 58, 71, 9, 83, 35, 37, 23, 17, 78, 52, 87, 15, 21, 93, 69, 65, 64, 3, 96, 55, 79, 30, 88, 41, 7, 91, 0, 62, 5, 48, 89, 18, 74, 25, 98, 46, 92, 27, 66, 57, 42 tiene longitud 26741
El recorrido 57, 27, 92, 66, 0, 62, 5, 48, 89, 9, 83, 71, 20, 73, 58, 16, 14, 10, 31, 90, 97, 22, 44, 46, 91, 7, 41, 88, 30, 79, 55, 96, 74, 18, 52, 78, 17, 23, 37, 35, 98, 93, 21, 15, 87, 69, 65, 64, 3, 25, 53, 39, 63, 68, 72, 49, 43, 1, 81, 94, 12, 32, 75, 36, 4, 77, 51, 95, 38, 29, 47, 99, 70, 40, 13, 2, 45, 28, 33, 82, 54, 11, 26, 85, 34, 19, 56, 6, 8, 86, 50, 60, 24, 80, 67, 84, 42, 61, 59, 76 tiene longitud 25778
El recorrido 58, 73, 20, 71, 9, 83, 35, 37, 23, 17, 78, 52, 87, 15, 21, 93, 69, 65, 64, 3, 96, 55, 79, 30, 88, 41, 7, 91, 0, 62, 5, 48, 89, 18, 74, 25, 98, 16, 14, 10, 31, 90, 97, 22, 44, 46, 92, 27, 66, 57, 60, 24, 80, 68, 72, 49, 43, 1, 53, 39, 63, 67, 84, 38, 29, 95, 77, 51, 4, 36, 32, 75, 12, 94, 81, 47, 99, 70, 40, 13, 2, 45, 28, 33, 82, 54, 11, 26, 85, 34, 19, 56, 6, 8, 86, 50, 76, 59, 61, 42 tiene longitud 27915
El recorrido 59, 61, 76, 22, 97, 90, 44, 31, 10, 14, 16, 73, 20, 58, 71, 9, 83, 35, 37, 23, 17, 78, 52, 87, 15, 21, 93, 69, 65, 64, 3, 96, 55, 79, 30, 88, 41, 7, 91, 0, 62, 5, 48, 89, 18, 74, 25, 98, 46, 92, 27, 66, 57, 60, 24, 80, 68, 72, 49, 43, 1, 53, 39, 63, 67, 84, 38, 29, 95, 77, 51, 4, 36, 32, 75, 12, 94, 81, 47, 99, 70, 40, 13, 2, 45, 28, 33, 82, 54, 11, 26, 85, 34, 19, 56, 6, 8, 86, 50, 42 tiene longitud 26782
El recorrido 60, 24, 80, 68, 72, 49, 43, 1, 53, 39, 63, 67, 84, 38, 29, 95, 77, 51, 4, 36, 32, 75, 12, 94, 81, 47, 99, 70, 40, 13, 2, 45, 28, 33, 82, 54, 11, 26, 85, 34, 19, 56, 6, 8, 86, 50, 57, 27, 92, 66, 0, 62, 5, 48, 89, 9, 83, 71, 20, 73, 58, 16, 14, 10, 31, 90, 97, 22, 44, 46, 91, 7, 41, 88, 30, 79, 55, 96, 74, 18, 52, 78, 17, 23, 37, 35, 98, 93, 21, 15, 87, 69, 65, 64, 3, 25, 76, 59, 61, 42 tiene longitud 27027
El recorrido 61, 59, 76, 22, 97, 90, 44, 31, 10, 14, 16, 73, 20, 58, 71, 9, 83, 35, 37, 23, 17, 78, 52, 87, 15, 21, 93, 69, 65, 64, 3, 96, 55, 79, 30, 88, 41, 7, 91, 0, 62, 5, 48, 89, 18, 74, 25, 98, 46, 92, 27, 66, 57, 60, 24, 80, 68, 72, 49, 43, 1, 53, 39, 63, 67, 84, 38, 29, 95, 77, 51, 4, 36, 32, 75, 12, 94, 81, 47, 99, 70, 40, 13, 2, 45, 28, 33, 82, 54, 11, 26, 85, 34, 19, 56, 6, 8, 86, 50, 42 tiene longitud 26601
El recorrido 62, 5, 48, 89, 9, 83, 71, 20, 73, 58, 16, 14, 10, 31, 90, 97, 22, 44, 46, 0, 91, 7, 41, 88, 30, 79, 55, 96, 74, 18, 52, 78, 17, 23, 37, 35, 98, 93, 21, 15, 87, 69, 65, 64, 3, 25, 66, 27, 92, 57, 60, 24, 80, 68, 72, 49, 43, 1, 53, 39, 63, 67, 84, 38, 29, 95, 77, 51, 4, 36, 32, 75, 12, 94, 81, 47, 99, 70, 40, 13, 2, 45, 28, 33, 82, 54, 11, 26, 85, 34, 19, 56, 6, 8, 86, 50, 76, 59, 61, 42 tiene longitud 27015
El recorrido 63, 39, 53, 1, 43, 49, 72, 67, 84, 38, 29, 95, 77, 51, 4, 36, 32, 75, 12, 94, 81, 68, 80, 24, 60, 50, 86, 8, 6, 56, 19, 11, 26, 85, 34, 61, 59, 76, 22, 97, 90, 44, 31, 10, 14, 16, 73, 20, 58, 71, 9, 83, 35, 37, 23, 17, 78, 52, 87, 15, 21, 93, 69, 65, 64, 3, 96, 55, 79, 30, 88, 41, 7, 91, 0, 62, 5, 48, 89, 18, 74, 25, 98, 46, 92, 27, 66, 57, 54, 82, 33, 28, 45, 2, 42, 13, 70, 40, 99, 47 tiene longitud 26155
El recorrido 64, 65, 3, 96, 55, 79, 30, 88, 41, 7, 91, 0, 62, 5, 48, 89, 9, 83, 71, 20, 73, 58, 16, 14, 10, 31, 90, 97, 22, 44, 46, 92, 27, 66, 57, 60, 24, 80, 68, 72, 49, 43, 1, 53, 39, 63, 67, 84, 38, 29, 95, 77, 51, 4, 36, 32, 75, 12, 94, 81, 47, 99, 70, 40, 13, 2, 45, 28, 33, 82, 54, 11, 26, 85, 34, 19, 56, 6, 8, 86, 50, 76, 59, 61, 42, 74, 18, 52, 78, 17, 23, 37, 35, 98, 93, 21, 15, 87, 69, 25 tiene longitud 26288
El recorrido 65, 64, 3, 96, 55, 79, 30, 88, 41, 7, 91, 0, 62, 5, 48, 89, 9, 83, 71, 20, 73, 58, 16, 14, 10, 31, 90, 97, 22, 44, 46, 92, 27, 66, 57, 60, 24, 80, 68, 72, 49, 43, 1, 53, 39, 63, 67, 84, 38, 29, 95, 77, 51, 4, 36, 32, 75, 12, 94, 81, 47, 99, 70, 40, 13, 2, 45, 28, 33, 82, 54, 11, 26, 85, 34, 19, 56, 6, 8, 86, 50, 76, 59, 61, 42, 74, 18, 52, 78, 17, 23, 37, 35, 98, 93, 21, 15, 87, 69, 25 tiene longitud 26259
El recorrido 66, 27, 92, 57, 60, 24, 80, 68, 72, 49, 43, 1, 53, 39, 63, 67, 84, 38, 29, 95, 77, 51, 4, 36, 32, 75, 12, 94, 81, 47, 99, 70, 40, 13, 2, 45, 28, 33, 82, 54, 11, 26, 85, 34, 19, 56, 6, 8, 86, 50, 76, 59, 61, 22, 97, 90, 44, 31, 10, 14, 16, 73, 20, 58, 71, 9, 83, 35, 37, 23, 17, 78, 52, 87, 15, 21, 93, 69, 65, 64, 3, 96, 55, 79, 30, 88, 41, 7, 91, 0, 62, 5, 48, 89, 18, 74, 25, 98, 46, 42 tiene longitud 28373
El recorrido 67, 84, 38, 29, 95, 77, 51, 4, 36, 32, 75, 12, 94, 81, 49, 43, 72, 68, 63, 39, 53, 1, 80, 24, 60, 50, 86, 8, 6, 56, 19, 11, 26, 85, 34, 61, 59, 76, 22, 97, 90, 44, 31, 10, 14, 16, 73, 20, 58, 71, 9, 83, 35, 37, 23, 17, 78, 52, 87, 15, 21, 93, 69, 65, 64, 3, 96, 55, 79, 30, 88, 41, 7, 91, 0, 62, 5, 48, 89, 18, 74, 25, 98, 46, 92, 27, 66, 57, 54, 82, 33, 28, 45, 2, 42, 13, 70, 40, 99, 47 tiene longitud 25760
El recorrido 68, 72, 49, 43, 1, 53, 39, 63, 80, 24, 60, 50, 86, 8, 6, 56, 19, 11, 26, 85, 34, 61, 59, 76, 22, 97, 90, 44, 31, 10, 14, 16, 73, 20, 58, 71, 9, 83, 35, 37, 23, 17, 78, 52, 87, 15, 21, 93, 69, 65, 64, 3, 96, 55, 79, 30, 88, 41, 7, 91, 0, 62, 5, 48, 89, 18, 74, 25, 98, 46, 92, 27, 66, 57, 67, 84, 38, 29, 95, 77, 51, 4, 36, 32, 75, 12, 94, 81, 47, 99, 70, 40, 13, 2, 45, 28, 33, 82, 54, 42 tiene longitud 26728
El recorrido 69, 21, 15, 87, 93, 17, 23, 37, 35, 98, 83, 9, 71, 20, 73, 58, 16, 14, 10, 31, 90, 97, 22, 44, 46, 62, 5, 48, 89, 78, 52, 18, 74, 96, 55, 79, 30, 88, 41, 7, 91, 0, 92, 27, 66, 57, 60, 24, 80, 68, 72, 49, 43, 1, 53, 39, 63, 67, 84, 38, 29, 95, 77, 51, 4, 36, 32, 75, 12, 94, 81, 47, 99, 70, 40, 13, 2, 45, 28, 33, 82, 54, 11, 26, 85, 34, 19, 56, 6, 8, 86, 50, 76, 59, 61, 42, 3, 64, 65, 25 tiene longitud 26478
El recorrido 70, 40, 99, 47, 13, 2, 45, 28, 33, 82, 54, 11, 26, 85, 34, 19, 56, 6, 8, 86, 50, 60, 24, 80, 68, 72, 49, 43, 1, 53, 39, 63, 67, 84, 38, 29, 95, 77, 51, 4, 36, 32, 75, 12, 94, 81, 57, 27, 92, 66, 0, 62, 5, 48, 89, 9, 83, 71, 20, 73, 58, 16, 14, 10, 31, 90, 97, 22, 44, 46, 91, 7, 41, 88, 30, 79, 55, 96, 74, 18, 52, 78, 17, 23, 37, 35, 98, 93, 21, 15, 87, 69, 65, 64, 3, 25, 76, 59, 61, 42 tiene longitud 26263
El recorrido 71, 20, 73, 58, 16, 14, 10, 31, 90, 97, 22, 44, 46, 62, 5, 48, 89, 9, 83, 35, 37, 23, 17, 78, 52, 87, 15, 21, 93, 69, 65, 64, 3, 96, 55, 79, 30, 88, 41, 7, 91, 0, 92, 27, 66, 57, 60, 24, 80, 68, 72, 49, 43, 1, 53, 39, 63, 67, 84, 38, 29, 95, 77, 51, 4, 36, 32, 75, 12, 94, 81, 47, 99, 70, 40, 13, 2, 45, 28, 33, 82, 54, 11, 26, 85, 34, 19, 56, 6, 8, 86, 50, 76, 59, 61, 42, 74, 18, 25, 98 tiene longitud 27822
El recorrido 72, 49, 43, 1, 53, 39, 63, 68, 80, 24, 60, 50, 86, 8, 6, 56, 19, 11, 26, 85, 34, 61, 59, 76, 22, 97, 90, 44, 31, 10, 14, 16, 73, 20, 58, 71, 9, 83, 35, 37, 23, 17, 78, 52, 87, 15, 21, 93, 69, 65, 64, 3, 96, 55, 79, 30, 88, 41, 7, 91, 0, 62, 5, 48, 89, 18, 74, 25, 98, 46, 92, 27, 66, 57, 67, 84, 38, 29, 95, 77, 51, 4, 36, 32, 75, 12, 94, 81, 47, 99, 70, 40, 13, 2, 45, 28, 33, 82, 54, 42 tiene longitud 26326
El recorrido 73, 20, 58, 71, 9, 83, 35, 37, 23, 17, 78, 52, 87, 15, 21, 93, 69, 65, 64, 3, 96, 55, 79, 30, 88, 41, 7, 91, 0, 62, 5, 48, 89, 18, 74, 25, 98, 16, 14, 10, 31, 90, 97, 22, 44, 46, 92, 27, 66, 57, 60, 24, 80, 68, 72, 49, 43, 1, 53, 39, 63, 67, 84, 38, 29, 95, 77, 51, 4, 36, 32, 75, 12, 94, 81, 47, 99, 70, 40, 13, 2, 45, 28, 33, 82, 54, 11, 26, 85, 34, 19, 56, 6, 8, 86, 50, 76, 59, 61, 42 tiene longitud 28075
El recorrido 74, 18, 52, 78, 17, 23, 37, 35, 98, 83, 9, 71, 20, 73, 58, 16, 14, 10, 31, 90, 97, 22, 44, 46, 62, 5, 48, 89, 91, 7, 41, 88, 30, 79, 55, 96, 3, 64, 65, 25, 69, 21, 15, 87, 93, 0, 92, 27, 66, 57, 60, 24, 80, 68, 72, 49, 43, 1, 53, 39, 63, 67, 84, 38, 29, 95, 77, 51, 4, 36, 32, 75, 12, 94, 81, 47, 99, 70, 40, 13, 2, 45, 28, 33, 82, 54, 11, 26, 85, 34, 19, 56, 6, 8, 86, 50, 76, 59, 61, 42 tiene longitud 27224
El recorrido 75, 32, 12, 94, 81, 49, 43, 72, 67, 84, 38, 29, 95, 77, 51, 4, 36, 47, 99, 70, 40, 13, 2, 45, 28, 33, 82, 54, 11, 26, 85, 34, 19, 56, 6, 8, 86, 50, 60, 24, 80, 68, 63, 39, 53, 1, 66, 27, 92, 57, 76, 59, 61, 22, 97, 90, 44, 31, 10, 14, 16, 73, 20, 58, 71, 9, 83, 35, 37, 23, 17, 78, 52, 87, 15, 21, 93, 69, 65, 64, 3, 96, 55, 79, 30, 88, 41, 7, 91, 0, 62, 5, 48, 89, 18, 74, 25, 98, 46, 42 tiene longitud 28320
El recorrido 76, 59, 61, 85, 26, 11, 19, 56, 6, 8, 86, 50, 60, 24, 80, 68, 72, 49, 43, 1, 53, 39, 63, 67, 84, 38, 29, 95, 77, 51, 4, 36, 32, 75, 12, 94, 81, 47, 99, 70, 40, 13, 2, 45, 28, 33, 82, 54, 34, 22, 97, 90, 44, 31, 10, 14, 16, 73, 20, 58, 71, 9, 83, 35, 37, 23, 17, 78, 52, 87, 15, 21, 93, 69, 65, 64, 3, 96, 55, 79, 30, 88, 41, 7, 91, 0, 62, 5, 48, 89, 18, 74, 25, 98, 46, 92, 27, 66, 57, 42 tiene longitud 27757
El recorrido 77, 51, 95, 4, 36, 32, 75, 12, 94, 81, 49, 43, 72, 67, 84, 38, 29, 47, 99, 70, 40, 13, 2, 45, 28, 33, 82, 54, 11, 26, 85, 34, 19, 56, 6, 8, 86, 50, 60, 24, 80, 68, 63, 39, 53, 1, 66, 27, 92, 57, 76, 59, 61, 22, 97, 90, 44, 31, 10, 14, 16, 73, 20, 58, 71, 9, 83, 35, 37, 23, 17, 78, 52, 87, 15, 21, 93, 69, 65, 64, 3, 96, 55, 79, 30, 88, 41, 7, 91, 0, 62, 5, 48, 89, 18, 74, 25, 98, 46, 42 tiene longitud 27381
El recorrido 78, 52, 87, 15, 21, 93, 69, 65, 64, 3, 96, 55, 79, 30, 88, 41, 7, 91, 0, 62, 5, 48, 89, 9, 83, 71, 20, 73, 58, 16, 14, 10, 31, 90, 97, 22, 44, 46, 92, 27, 66, 57, 60, 24, 80, 68, 72, 49, 43, 1, 53, 39, 63, 67, 84, 38, 29, 95, 77, 51, 4, 36, 32, 75, 12, 94, 81, 47, 99, 70, 40, 13, 2, 45, 28, 33, 82, 54, 11, 26, 85, 34, 19, 56, 6, 8, 86, 50, 76, 59, 61, 42, 74, 18, 17, 23, 37, 35, 98, 25 tiene longitud 28086
El recorrido 79, 30, 88, 41, 7, 91, 0, 62, 5, 48, 89, 9, 83, 71, 20, 73, 58, 16, 14, 10, 31, 90, 97, 22, 44, 46, 92, 27, 66, 57, 60, 24, 80, 68, 72, 49, 43, 1, 53, 39, 63, 67, 84, 38, 29, 95, 77, 51, 4, 36, 32, 75, 12, 94, 81, 47, 99, 70, 40, 13, 2, 45, 28, 33, 82, 54, 11, 26, 85, 34, 19, 56, 6, 8, 86, 50, 76, 59, 61, 42, 74, 18, 52, 78, 17, 23, 37, 35, 98, 93, 21, 15, 87, 69, 65, 64, 3, 96, 55, 25 tiene longitud 27202
El recorrido 80, 24, 60, 50, 86, 8, 6, 56, 19, 11, 26, 85, 34, 61, 59, 76, 22, 97, 90, 44, 31, 10, 14, 16, 73, 20, 58, 71, 9, 83, 35, 37, 23, 17, 78, 52, 87, 15, 21, 93, 69, 65, 64, 3, 96, 55, 79, 30, 88, 41, 7, 91, 0, 62, 5, 48, 89, 18, 74, 25, 98, 46, 92, 27, 66, 57, 68, 72, 49, 43, 1, 53, 39, 63, 67, 84, 38, 29, 95, 77, 51, 4, 36, 32, 75, 12, 94, 81, 47, 99, 70, 40, 13, 2, 45, 28, 33, 82, 54, 42 tiene longitud 26207
El recorrido 81, 94, 12, 32, 75, 36, 4, 77, 51, 95, 38, 29, 47, 99, 70, 40, 13, 2, 45, 28, 33, 82, 54, 11, 26, 85, 34, 19, 56, 6, 8, 86, 50, 60, 24, 80, 68, 72, 49, 43, 1, 53, 39, 63, 67, 84, 42, 61, 59, 76, 22, 97, 90, 44, 31, 10, 14, 16, 73, 20, 58, 71, 9, 83, 35, 37, 23, 17, 78, 52, 87, 15, 21, 93, 69, 65, 64, 3, 96, 55, 79, 30, 88, 41, 7, 91, 0, 62, 5, 48, 89, 18, 74, 25, 98, 46, 92, 27, 66, 57 tiene longitud 26743
El recorrido 82, 54, 33, 28, 45, 2, 42, 13, 70, 40, 99, 47, 51, 77, 95, 4, 36, 32, 75, 12, 94, 81, 49, 43, 72, 67, 84, 38, 29, 8, 6, 56, 86, 50, 60, 24, 80, 68, 63, 39, 53, 1, 66, 27, 92, 57, 76, 59, 61, 85, 26, 11, 19, 34, 22, 97, 90, 44, 31, 10, 14, 16, 73, 20, 58, 71, 9, 83, 35, 37, 23, 17, 78, 52, 87, 15, 21, 93, 69, 65, 64, 3, 96, 55, 79, 30, 88, 41, 7, 91, 0, 62, 5, 48, 89, 18, 74, 25, 98, 46 tiene longitud 27212
El recorrido 83, 9, 71, 20, 73, 58, 16, 14, 10, 31, 90, 97, 22, 44, 46, 62, 5, 48, 89, 78, 52, 87, 15, 21, 93, 69, 65, 64, 3, 96, 55, 79, 30, 88, 41, 7, 91, 0, 92, 27, 66, 57, 60, 24, 80, 68, 72, 49, 43, 1, 53, 39, 63, 67, 84, 38, 29, 95, 77, 51, 4, 36, 32, 75, 12, 94, 81, 47, 99, 70, 40, 13, 2, 45, 28, 33, 82, 54, 11, 26, 85, 34, 19, 56, 6, 8, 86, 50, 76, 59, 61, 42, 74, 18, 17, 23, 37, 35, 98, 25 tiene longitud 28504
El recorrido 84, 67, 72, 49, 43, 1, 53, 39, 63, 68, 80, 24, 60, 50, 86, 8, 6, 56, 19, 11, 26, 85, 34, 61, 59, 76, 22, 97, 90, 44, 31, 10, 14, 16, 73, 20, 58, 71, 9, 83, 35, 37, 23, 17, 78, 52, 87, 15, 21, 93, 69, 65, 64, 3, 96, 55, 79, 30, 88, 41, 7, 91, 0, 62, 5, 48, 89, 18, 74, 25, 98, 46, 92, 27, 66, 57, 54, 82, 33, 28, 45, 2, 42, 13, 70, 40, 99, 47, 51, 77, 95, 4, 36, 32, 75, 12, 94, 81, 38, 29 tiene longitud 24698
El recorrido 85, 26, 11, 19, 56, 6, 8, 86, 50, 60, 24, 80, 68, 72, 49, 43, 1, 53, 39, 63, 67, 84, 38, 29, 95, 77, 51, 4, 36, 32, 75, 12, 94, 81, 47, 99, 70, 40, 13, 2, 45, 28, 33, 82, 54, 34, 61, 59, 76, 22, 97, 90, 44, 31, 10, 14, 16, 73, 20, 58, 71, 9, 83, 35, 37, 23, 17, 78, 52, 87, 15, 21, 93, 69, 65, 64, 3, 96, 55, 79, 30, 88, 41, 7, 91, 0, 62, 5, 48, 89, 18, 74, 25, 98, 46, 92, 27, 66, 57, 42 tiene longitud 26912
El recorrido 86, 50, 60, 24, 80, 68, 72, 49, 43, 1, 53, 39, 63, 67, 84, 38, 29, 95, 77, 51, 4, 36, 32, 75, 12, 94, 81, 47, 99, 70, 40, 13, 2, 45, 28, 33, 82, 54, 11, 26, 85, 34, 19, 56, 6, 8, 61, 59, 76, 22, 97, 90, 44, 31, 10, 14, 16, 73, 20, 58, 71, 9, 83, 35, 37, 23, 17, 78, 52, 87, 15, 21, 93, 69, 65, 64, 3, 96, 55, 79, 30, 88, 41, 7, 91, 0, 62, 5, 48, 89, 18, 74, 25, 98, 46, 92, 27, 66, 57, 42 tiene longitud 27131
El recorrido 87, 15, 21, 93, 69, 52, 78, 17, 23, 37, 35, 98, 83, 9, 71, 20, 73, 58, 16, 14, 10, 31, 90, 97, 22, 44, 46, 62, 5, 48, 89, 18, 74, 96, 55, 79, 30, 88, 41, 7, 91, 0, 92, 27, 66, 57, 60, 24, 80, 68, 72, 49, 43, 1, 53, 39, 63, 67, 84, 38, 29, 95, 77, 51, 4, 36, 32, 75, 12, 94, 81, 47, 99, 70, 40, 13, 2, 45, 28, 33, 82, 54, 11, 26, 85, 34, 19, 56, 6, 8, 86, 50, 76, 59, 61, 42, 3, 64, 65, 25 tiene longitud 26798
El recorrido 88, 41, 30, 79, 55, 96, 74, 18, 52, 78, 17, 23, 37, 35, 98, 83, 9, 71, 20, 73, 58, 16, 14, 10, 31, 90, 97, 22, 44, 46, 62, 5, 48, 89, 91, 7, 0, 92, 27, 66, 57, 60, 24, 80, 68, 72, 49, 43, 1, 53, 39, 63, 67, 84, 38, 29, 95, 77, 51, 4, 36, 32, 75, 12, 94, 81, 47, 99, 70, 40, 13, 2, 45, 28, 33, 82, 54, 11, 26, 85, 34, 19, 56, 6, 8, 86, 50, 76, 59, 61, 42, 3, 64, 65, 25, 69, 21, 15, 87, 93 tiene longitud 28109
El recorrido 89, 48, 5, 62, 0, 91, 7, 41, 88, 30, 79, 55, 96, 74, 18, 52, 78, 17, 23, 37, 35, 98, 83, 9, 71, 20, 73, 58, 16, 14, 10, 31, 90, 97, 22, 44, 46, 92, 27, 66, 57, 60, 24, 80, 68, 72, 49, 43, 1, 53, 39, 63, 67, 84, 38, 29, 95, 77, 51, 4, 36, 32, 75, 12, 94, 81, 47, 99, 70, 40, 13, 2, 45, 28, 33, 82, 54, 11, 26, 85, 34, 19, 56, 6, 8, 86, 50, 76, 59, 61, 42, 3, 64, 65, 25, 69, 21, 15, 87, 93 tiene longitud 26709
El recorrido 90, 97, 22, 44, 31, 10, 14, 16, 73, 20, 58, 71, 9, 83, 35, 37, 23, 17, 78, 52, 87, 15, 21, 93, 69, 65, 64, 3, 96, 55, 79, 30, 88, 41, 7, 91, 0, 62, 5, 48, 89, 18, 74, 25, 98, 46, 92, 27, 66, 57, 60, 24, 80, 68, 72, 49, 43, 1, 53, 39, 63, 67, 84, 38, 29, 95, 77, 51, 4, 36, 32, 75, 12, 94, 81, 47, 99, 70, 40, 13, 2, 45, 28, 33, 82, 54, 11, 26, 85, 34, 19, 56, 6, 8, 86, 50, 76, 59, 61, 42 tiene longitud 27462
El recorrido 91, 7, 41, 88, 30, 79, 55, 96, 74, 18, 52, 78, 17, 23, 37, 35, 98, 83, 9, 71, 20, 73, 58, 16, 14, 10, 31, 90, 97, 22, 44, 46, 62, 5, 48, 89, 87, 15, 21, 93, 69, 65, 64, 3, 25, 0, 92, 27, 66, 57, 60, 24, 80, 68, 72, 49, 43, 1, 53, 39, 63, 67, 84, 38, 29, 95, 77, 51, 4, 36, 32, 75, 12, 94, 81, 47, 99, 70, 40, 13, 2, 45, 28, 33, 82, 54, 11, 26, 85, 34, 19, 56, 6, 8, 86, 50, 76, 59, 61, 42 tiene longitud 26908
El recorrido 92, 27, 66, 57, 60, 24, 80, 68, 72, 49, 43, 1, 53, 39, 63, 67, 84, 38, 29, 95, 77, 51, 4, 36, 32, 75, 12, 94, 81, 47, 99, 70, 40, 13, 2, 45, 28, 33, 82, 54, 11, 26, 85, 34, 19, 56, 6, 8, 86, 50, 76, 59, 61, 22, 97, 90, 44, 31, 10, 14, 16, 73, 20, 58, 71, 9, 83, 35, 37, 23, 17, 78, 52, 87, 15, 21, 93, 69, 65, 64, 3, 96, 55, 79, 30, 88, 41, 7, 91, 0, 62, 5, 48, 89, 18, 74, 25, 98, 46, 42 tiene longitud 28349
El recorrido 93, 21, 15, 87, 52, 78, 17, 23, 37, 35, 98, 83, 9, 71, 20, 73, 58, 16, 14, 10, 31, 90, 97, 22, 44, 46, 62, 5, 48, 89, 18, 74, 96, 55, 79, 30, 88, 41, 7, 91, 0, 92, 27, 66, 57, 60, 24, 80, 68, 72, 49, 43, 1, 53, 39, 63, 67, 84, 38, 29, 95, 77, 51, 4, 36, 32, 75, 12, 94, 81, 47, 99, 70, 40, 13, 2, 45, 28, 33, 82, 54, 11, 26, 85, 34, 19, 56, 6, 8, 86, 50, 76, 59, 61, 42, 3, 64, 65, 25, 69 tiene longitud 26427
El recorrido 94, 12, 32, 75, 81, 49, 43, 72, 67, 84, 38, 29, 95, 77, 51, 4, 36, 47, 99, 70, 40, 13, 2, 45, 28, 33, 82, 54, 11, 26, 85, 34, 19, 56, 6, 8, 86, 50, 60, 24, 80, 68, 63, 39, 53, 1, 66, 27, 92, 57, 76, 59, 61, 22, 97, 90, 44, 31, 10, 14, 16, 73, 20, 58, 71, 9, 83, 35, 37, 23, 17, 78, 52, 87, 15, 21, 93, 69, 65, 64, 3, 96, 55, 79, 30, 88, 41, 7, 91, 0, 62, 5, 48, 89, 18, 74, 25, 98, 46, 42 tiene longitud 28566
El recorrido 95, 77, 51, 4, 36, 32, 75, 12, 94, 81, 49, 43, 72, 67, 84, 38, 29, 47, 99, 70, 40, 13, 2, 45, 28, 33, 82, 54, 11, 26, 85, 34, 19, 56, 6, 8, 86, 50, 60, 24, 80, 68, 63, 39, 53, 1, 66, 27, 92, 57, 76, 59, 61, 22, 97, 90, 44, 31, 10, 14, 16, 73, 20, 58, 71, 9, 83, 35, 37, 23, 17, 78, 52, 87, 15, 21, 93, 69, 65, 64, 3, 96, 55, 79, 30, 88, 41, 7, 91, 0, 62, 5, 48, 89, 18, 74, 25, 98, 46, 42 tiene longitud 27342
El recorrido 96, 55, 79, 30, 88, 41, 7, 91, 0, 62, 5, 48, 89, 9, 83, 71, 20, 73, 58, 16, 14, 10, 31, 90, 97, 22, 44, 46, 92, 27, 66, 57, 60, 24, 80, 68, 72, 49, 43, 1, 53, 39, 63, 67, 84, 38, 29, 95, 77, 51, 4, 36, 32, 75, 12, 94, 81, 47, 99, 70, 40, 13, 2, 45, 28, 33, 82, 54, 11, 26, 85, 34, 19, 56, 6, 8, 86, 50, 76, 59, 61, 42, 74, 18, 52, 78, 17, 23, 37, 35, 98, 93, 21, 15, 87, 69, 65, 64, 3, 25 tiene longitud 26462
El recorrido 97, 90, 44, 22, 59, 61, 76, 19, 11, 26, 85, 34, 56, 6, 8, 86, 50, 60, 24, 80, 68, 72, 49, 43, 1, 53, 39, 63, 67, 84, 38, 29, 95, 77, 51, 4, 36, 32, 75, 12, 94, 81, 47, 99, 70, 40, 13, 2, 45, 28, 33, 82, 54, 42, 57, 27, 92, 66, 0, 62, 5, 48, 89, 9, 83, 71, 20, 73, 58, 16, 14, 10, 31, 46, 91, 7, 41, 88, 30, 79, 55, 96, 74, 18, 52, 78, 17, 23, 37, 35, 98, 93, 21, 15, 87, 69, 65, 64, 3, 25 tiene longitud 26523
El recorrido 98, 35, 37, 23, 17, 78, 52, 87, 15, 21, 93, 69, 65, 64, 3, 96, 55, 79, 30, 88, 41, 7, 91, 0, 62, 5, 48, 89, 9, 83, 71, 20, 73, 58, 16, 14, 10, 31, 90, 97, 22, 44, 46, 92, 27, 66, 57, 60, 24, 80, 68, 72, 49, 43, 1, 53, 39, 63, 67, 84, 38, 29, 95, 77, 51, 4, 36, 32, 75, 12, 94, 81, 47, 99, 70, 40, 13, 2, 45, 28, 33, 82, 54, 11, 26, 85, 34, 19, 56, 6, 8, 86, 50, 76, 59, 61, 42, 74, 18, 25 tiene longitud 27382
El recorrido 99, 70, 40, 13, 2, 45, 28, 33, 82, 54, 11, 26, 85, 34, 19, 56, 6, 8, 86, 50, 60, 24, 80, 68, 72, 49, 43, 1, 53, 39, 63, 67, 84, 38, 29, 95, 77, 51, 4, 36, 32, 75, 12, 94, 81, 47, 42, 61, 59, 76, 22, 97, 90, 44, 31, 10, 14, 16, 73, 20, 58, 71, 9, 83, 35, 37, 23, 17, 78, 52, 87, 15, 21, 93, 69, 65, 64, 3, 96, 55, 79, 30, 88, 41, 7, 91, 0, 62, 5, 48, 89, 18, 74, 25, 98, 46, 92, 27, 66, 57 tiene longitud 27656

El mejor recorrido es 84, 67, 72, 49, 43, 1, 53, 39, 63, 68, 80, 24, 60, 50, 86, 8, 6, 56, 19, 11, 26, 85, 34, 61, 59, 76, 22, 97, 90, 44, 31, 10, 14, 16, 73, 20, 58, 71, 9, 83, 35, 37, 23, 17, 78, 52, 87, 15, 21, 93, 69, 65, 64, 3, 96, 55, 79, 30, 88, 41, 7, 91, 0, 62, 5, 48, 89, 18, 74, 25, 98, 46, 92, 27, 66, 57, 54, 82, 33, 28, 45, 2, 42, 13, 70, 40, 99, 47, 51, 77, 95, 4, 36, 32, 75, 12, 94, 81, 38, 29 con longitud 24698
