El recorrido 0, 21, 48, 31, 35, 34, 33, 38, 39, 37, 36, 47, 23, 4, 14, 5, 3, 24, 45, 43, 15, 49, 19, 22, 30, 17, 2, 18, 44, 40, 7, 9, 8, 42, 32, 50, 11, 27, 26, 25, 46, 12, 13, 51, 10, 28, 29, 20, 16, 41, 6, 1 tiene longitud 8980
El recorrido 1, 6, 41, 20, 30, 17, 21, 0, 48, 31, 35, 34, 33, 38, 39, 37, 36, 47, 23, 4, 14, 5, 3, 24, 45, 43, 15, 49, 19, 22, 29, 28, 46, 25, 26, 27, 11, 50, 10, 51, 12, 13, 42, 9, 8, 7, 40, 18, 44, 2, 16, 32 tiene longitud 10202
El recorrido 2, 17, 30, 21, 0, 48, 31, 35, 34, 33, 38, 39, 37, 36, 47, 23, 4, 14, 5, 3, 24, 45, 43, 15, 49, 19, 22, 29, 20, 16, 41, 6, 1, 28, 46, 25, 26, 27, 11, 50, 10, 51, 12, 13, 42, 9, 8, 7, 40, 18, 44, 32 tiene longitud 9708
El recorrido 3, 5, 4, 14, 23, 47, 37, 39, 36, 38, 35, 34, 33, 43, 45, 15, 49, 19, 22, 30, 17, 21, 0, 48, 31, 44, 18, 40, 7, 9, 8, 42, 24, 11, 27, 26, 25, 46, 12, 13, 51, 10, 50, 32, 2, 16, 20, 29, 28, 41, 6, 1 tiene longitud 9456
El recorrido 4, 14, 5, 23, 47, 37, 39, 36, 38, 35, 34, 33, 43, 45, 15, 49, 19, 22, 30, 17, 21, 0, 48, 31, 44, 18, 40, 7, 9, 8, 42, 3, 24, 11, 27, 26, 25, 46, 12, 13, 51, 10, 50, 32, 2, 16, 20, 29, 28, 41, 6, 1 tiene longitud 9290
El recorrido 5, 4, 14, 23, 47, 37, 39, 36, 38, 35, 34, 33, 43, 45, 15, 49, 19, 22, 30, 17, 21, 0, 48, 31, 44, 18, 40, 7, 9, 8, 42, 3, 24, 11, 27, 26, 25, 46, 12, 13, 51, 10, 50, 32, 2, 16, 20, 29, 28, 41, 6, 1 tiene longitud 9317
El recorrido 6, 1, 41, 20, 30, 17, 21, 0, 48, 31, 35, 34, 33, 38, 39, 37, 36, 47, 23, 4, 14, 5, 3, 24, 45, 43, 15, 49, 19, 22, 29, 28, 46, 25, 26, 27, 11, 50, 10, 51, 12, 13, 42, 9, 8, 7, 40, 18, 44, 2, 16, 32 tiene longitud 10200
El recorrido 7, 40, 18, 44, 31, 48, 0, 21, 30, 17, 2, 16, 20, 22, 19, 49, 15, 43, 33, 34, 35, 38, 39, 37, 36, 47, 23, 4, 14, 5, 3, 24, 45, 28, 29, 41, 6, 1, 42, 9, 8, 32, 50, 11, 27, 26, 25, 46, 12, 13, 51, 10 tiene longitud 9504
El recorrido 8, 9, 7, 40, 18, 44, 31, 48, 0, 21, 30, 17, 2, 16, 20, 22, 19, 49, 15, 43, 33, 34, 35, 38, 39, 37, 36, 47, 23, 4, 14, 5, 3, 24, 45, 28, 29, 41, 6, 1, 42, 32, 50, 11, 27, 26, 25, 46, 12, 13, 51, 10 tiene longitud 9192
El recorrido 9, 8, 7, 40, 18, 44, 31, 48, 0, 21, 30, 17, 2, 16, 20, 22, 19, 49, 15, 43, 33, 34, 35, 38, 39, 37, 36, 47, 23, 4, 14, 5, 3, 24, 45, 28, 29, 41, 6, 1, 42, 32, 50, 11, 27, 26, 25, 46, 12, 13, 51, 10 tiene longitud 9112
El recorrido 10, 50, 11, 27, 26, 25, 46, 12, 13, 51, 24, 3, 5, 4, 14, 23, 47, 37, 39, 36, 38, 35, 34, 33, 43, 45, 15, 49, 19, 22, 30, 17, 21, 0, 48, 31, 44, 18, 40, 7, 9, 8, 42, 32, 2, 16, 20, 29, 28, 41, 6, 1 tiene longitud 10072
El recorrido 11, 27, 26, 25, 46, 12, 13, 51, 10, 50, 24, 3, 5, 4, 14, 23, 47, 37, 39, 36, 38, 35, 34, 33, 43, 45, 15, 49, 19, 22, 30, 17, 21, 0, 48, 31, 44, 18, 40, 7, 9, 8, 42, 32, 2, 16, 20, 29, 28, 41, 6, 1 tiene longitud 9461
El recorrido 12, 26, 27, 25, 46, 13, 51, 10, 50, 11, 24, 3, 5, 4, 14, 23, 47, 37, 39, 36, 38, 35, 34, 33, 43, 45, 15, 49, 19, 22, 30, 17, 21, 0, 48, 31, 44, 18, 40, 7, 9, 8, 42, 32, 2, 16, 20, 29, 28, 41, 6, 1 tiene longitud 9553
El recorrido 13, 12, 26, 27, 25, 46, 11, 50, 10, 51, 24, 3, 5, 4, 14, 23, 47, 37, 39, 36, 38, 35, 34, 33, 43, 45, 15, 49, 19, 22, 30, 17, 21, 0, 48, 31, 44, 18, 40, 7, 9, 8, 42, 32, 2, 16, 20, 29, 28, 41, 6, 1 tiene longitud 10258
El recorrido 14, 4, 23, 47, 37, 39, 36, 38, 35, 34, 33, 43, 45, 15, 49, 19, 22, 30, 17, 21, 0, 48, 31, 44, 18, 40, 7, 9, 8, 42, 3, 5, 24, 11, 27, 26, 25, 46, 12, 13, 51, 10, 50, 32, 2, 16, 20, 29, 28, 41, 6, 1 tiene longitud 9323
El recorrido 15, 49, 19, 22, 30, 17, 21, 0, 48, 31, 35, 34, 33, 38, 39, 37, 36, 47, 23, 4, 14, 5, 3, 24, 45, 43, 28, 29, 20, 16, 2, 18, 44, 40, 7, 9, 8, 42, 32, 50, 11, 27, 26, 25, 46, 12, 13, 51, 10, 41, 6, 1 tiene longitud 9498
El recorrido 16, 2, 17, 30, 21, 0, 48, 31, 35, 34, 33, 38, 39, 37, 36, 47, 23, 4, 14, 5, 3, 24, 45, 43, 15, 49, 19, 22, 29, 20, 41, 6, 1, 28, 46, 25, 26, 27, 11, 50, 10, 51, 12, 13, 42, 9, 8, 7, 40, 18, 44, 32 tiene longitud 9771
El recorrido 17, 30, 21, 0, 48, 31, 35, 34, 33, 38, 39, 37, 36, 47, 23, 4, 14, 5, 3, 24, 45, 43, 15, 49, 19, 22, 29, 20, 16, 2, 18, 44, 40, 7, 9, 8, 42, 32, 50, 11, 27, 26, 25, 46, 12, 13, 51, 10, 28, 41, 6, 1 tiene longitud 8995
El recorrido 18, 44, 31, 48, 0, 21, 30, 17, 2, 16, 20, 22, 19, 49, 15, 43, 33, 34, 35, 38, 39, 37, 36, 47, 23, 4, 14, 5, 3, 24, 45, 28, 29, 41, 6, 1, 40, 7, 9, 8, 42, 32, 50, 11, 27, 26, 25, 46, 12, 13, 51, 10 tiene longitud 9220
El recorrido 19, 49, 22, 30, 17, 21, 0, 48, 31, 35, 34, 33, 38, 39, 37, 36, 47, 23, 4, 14, 5, 3, 24, 45, 43, 15, 28, 29, 20, 16, 2, 18, 44, 40, 7, 9, 8, 42, 32, 50, 11, 27, 26, 25, 46, 12, 13, 51, 10, 41, 6, 1 tiene longitud 9252
El recorrido 20, 30, 17, 21, 0, 48, 31, 35, 34, 33, 38, 39, 37, 36, 47, 23, 4, 14, 5, 3, 24, 45, 43, 15, 49, 19, 22, 29, 28, 46, 25, 26, 27, 11, 50, 10, 51, 12, 13, 42, 9, 8, 7, 40, 18, 44, 2, 16, 41, 6, 1, 32 tiene longitud 10298
El recorrido 21, 0, 48, 31, 35, 34, 33, 38, 39, 37, 36, 47, 23, 4, 14, 5, 3, 24, 45, 43, 15, 49, 19, 22, 30, 17, 2, 18, 44, 40, 7, 9, 8, 42, 32, 50, 11, 27, 26, 25, 46, 12, 13, 51, 10, 28, 29, 20, 16, 41, 6, 1 tiene longitud 8920
El recorrido 22, 19, 49, 15, 43, 33, 34, 35, 38, 39, 37, 36, 47, 23, 4, 14, 5, 3, 24, 45, 48, 31, 0, 21, 30, 17, 2, 18, 44, 40, 7, 9, 8, 42, 32, 50, 11, 27, 26, 25, 46, 12, 13, 51, 10, 28, 29, 20, 16, 41, 6, 1 tiene longitud 8848
El recorrido 23, 47, 4, 14, 5, 3, 24, 45, 43, 33, 34, 35, 38, 39, 37, 36, 48, 31, 0, 21, 30, 17, 2, 18, 44, 40, 7, 9, 8, 42, 32, 50, 11, 27, 26, 25, 46, 12, 13, 51, 10, 15, 49, 19, 22, 29, 20, 16, 41, 6, 1, 28 tiene longitud 9098
El recorrido 24, 3, 5, 4, 14, 23, 47, 37, 39, 36, 38, 35, 34, 33, 43, 45, 15, 49, 19, 22, 30, 17, 21, 0, 48, 31, 44, 18, 40, 7, 9, 8, 42, 32, 50, 11, 27, 26, 25, 46, 12, 13, 51, 10, 28, 29, 20, 16, 2, 41, 6, 1 tiene longitud 9334
El recorrido 25, 26, 27, 11, 50, 10, 51, 12, 13, 46, 28, 49, 19, 22, 30, 17, 21, 0, 48, 31, 35, 34, 33, 38, 39, 37, 36, 47, 23, 4, 14, 5, 3, 24, 45, 43, 15, 29, 20, 16, 2, 18, 44, 40, 7, 9, 8, 42, 32, 41, 6, 1 tiene longitud 9897
El recorrido 26, 27, 25, 46, 12, 13, 51, 10, 50, 11, 24, 3, 5, 4, 14, 23, 47, 37, 39, 36, 38, 35, 34, 33, 43, 45, 15, 49, 19, 22, 30, 17, 21, 0, 48, 31, 44, 18, 40, 7, 9, 8, 42, 32, 2, 16, 20, 29, 28, 41, 6, 1 tiene longitud 9395
El recorrido 27, 26, 25, 46, 12, 13, 51, 10, 50, 11, 24, 3, 5, 4, 14, 23, 47, 37, 39, 36, 38, 35, 34, 33, 43, 45, 15, 49, 19, 22, 30, 17, 21, 0, 48, 31, 44, 18, 40, 7, 9, 8, 42, 32, 2, 16, 20, 29, 28, 41, 6, 1 tiene longitud 9304
El recorrido 28, 49, 19, 22, 30, 17, 21, 0, 48, 31, 35, 34, 33, 38, 39, 37, 36, 47, 23, 4, 14, 5, 3, 24, 45, 43, 15, 29, 20, 16, 2, 18, 44, 40, 7, 9, 8, 42, 32, 50, 11, 27, 26, 25, 46, 12, 13, 51, 10, 41, 6, 1 tiene longitud 9357
El recorrido 29, 22, 19, 49, 15, 43, 33, 34, 35, 38, 39, 37, 36, 47, 23, 4, 14, 5, 3, 24, 45, 48, 31, 0, 21, 30, 17, 2, 18, 44, 40, 7, 9, 8, 42, 32, 50, 11, 27, 26, 25, 46, 12, 13, 51, 10, 28, 20, 16, 41, 6, 1 tiene longitud 8864
El recorrido 30, 17, 21, 0, 48, 31, 35, 34, 33, 38, 39, 37, 36, 47, 23, 4, 14, 5, 3, 24, 45, 43, 15, 49, 19, 22, 29, 20, 16, 2, 18, 44, 40, 7, 9, 8, 42, 32, 50, 11, 27, 26, 25, 46, 12, 13, 51, 10, 28, 41, 6, 1 tiene longitud 8953
El recorrido 31, 48, 0, 21, 30, 17, 2, 18, 44, 40, 7, 9, 8, 42, 14, 4, 23, 47, 37, 39, 36, 38, 35, 34, 33, 43, 45, 15, 49, 19, 22, 29, 20, 16, 41, 6, 1, 28, 24, 3, 5, 11, 27, 26, 25, 46, 12, 13, 51, 10, 50, 32 tiene longitud 9091
El recorrido 32, 42, 14, 4, 23, 47, 37, 39, 36, 38, 35, 34, 33, 43, 45, 15, 49, 19, 22, 30, 17, 21, 0, 48, 31, 44, 18, 40, 7, 9, 8, 2, 16, 20, 29, 28, 24, 3, 5, 11, 27, 26, 25, 46, 12, 13, 51, 10, 50, 41, 6, 1 tiene longitud 10290
El recorrido 33, 34, 35, 38, 39, 37, 36, 47, 23, 4, 14, 5, 3, 24, 45, 43, 15, 49, 19, 22, 30, 17, 21, 0, 48, 31, 44, 18, 40, 7, 9, 8, 42, 32, 50, 11, 27, 26, 25, 46, 12, 13, 51, 10, 28, 29, 20, 16, 2, 41, 6, 1 tiene longitud 9137
El recorrido 34, 35, 33, 38, 39, 37, 36, 47, 23, 4, 14, 5, 3, 24, 45, 43, 15, 49, 19, 22, 30, 17, 21, 0, 48, 31, 44, 18, 40, 7, 9, 8, 42, 32, 50, 11, 27, 26, 25, 46, 12, 13, 51, 10, 28, 29, 20, 16, 2, 41, 6, 1 tiene longitud 9161
El recorrido 35, 34, 33, 38, 39, 37, 36, 47, 23, 4, 14, 5, 3, 24, 45, 43, 15, 49, 19, 22, 30, 17, 21, 0, 48, 31, 44, 18, 40, 7, 9, 8, 42, 32, 50, 11, 27, 26, 25, 46, 12, 13, 51, 10, 28, 29, 20, 16, 2, 41, 6, 1 tiene longitud 9156
El recorrido 36, 39, 37, 23, 47, 4, 14, 5, 3, 24, 45, 43, 33, 34, 35, 38, 48, 31, 0, 21, 30, 17, 2, 18, 44, 40, 7, 9, 8, 42, 32, 50, 11, 27, 26, 25, 46, 12, 13, 51, 10, 15, 49, 19, 22, 29, 20, 16, 41, 6, 1, 28 tiene longitud 9013
El recorrido 37, 39, 36, 38, 35, 34, 33, 43, 45, 47, 23, 4, 14, 5, 3, 24, 11, 27, 26, 25, 46, 12, 13, 51, 10, 50, 32, 42, 9, 8, 7, 40, 18, 44, 31, 48, 0, 21, 30, 17, 2, 16, 20, 22, 19, 49, 15, 28, 29, 41, 6, 1 tiene longitud 8206
El recorrido 38, 35, 34, 33, 36, 39, 37, 23, 47, 4, 14, 5, 3, 24, 45, 43, 15, 49, 19, 22, 30, 17, 21, 0, 48, 31, 44, 18, 40, 7, 9, 8, 42, 32, 50, 11, 27, 26, 25, 46, 12, 13, 51, 10, 28, 29, 20, 16, 2, 41, 6, 1 tiene longitud 9214
El recorrido 39, 37, 36, 38, 35, 34, 33, 43, 45, 47, 23, 4, 14, 5, 3, 24, 11, 27, 26, 25, 46, 12, 13, 51, 10, 50, 32, 42, 9, 8, 7, 40, 18, 44, 31, 48, 0, 21, 30, 17, 2, 16, 20, 22, 19, 49, 15, 28, 29, 41, 6, 1 tiene longitud 8181
El recorrido 40, 7, 18, 44, 31, 48, 0, 21, 30, 17, 2, 16, 20, 22, 19, 49, 15, 43, 33, 34, 35, 38, 39, 37, 36, 47, 23, 4, 14, 5, 3, 24, 45, 28, 29, 41, 6, 1, 42, 9, 8, 32, 50, 11, 27, 26, 25, 46, 12, 13, 51, 10 tiene longitud 9573
El recorrido 41, 6, 1, 29, 22, 19, 49, 15, 43, 33, 34, 35, 38, 39, 37, 36, 47, 23, 4, 14, 5, 3, 24, 45, 48, 31, 0, 21, 30, 17, 2, 18, 44, 40, 7, 9, 8, 42, 32, 50, 11, 27, 26, 25, 46, 12, 13, 51, 10, 28, 20, 16 tiene longitud 8864
El recorrido 42, 14, 4, 23, 47, 37, 39, 36, 38, 35, 34, 33, 43, 45, 15, 49, 19, 22, 30, 17, 21, 0, 48, 31, 44, 18, 40, 7, 9, 8, 2, 16, 20, 29, 28, 24, 3, 5, 11, 27, 26, 25, 46, 12, 13, 51, 10, 50, 32, 41, 6, 1 tiene longitud 10093
El recorrido 43, 33, 34, 35, 38, 39, 37, 36, 47, 23, 4, 14, 5, 3, 24, 45, 15, 49, 19, 22, 30, 17, 21, 0, 48, 31, 44, 18, 40, 7, 9, 8, 42, 32, 50, 11, 27, 26, 25, 46, 12, 13, 51, 10, 28, 29, 20, 16, 2, 41, 6, 1 tiene longitud 9073
El recorrido 44, 18, 40, 7, 9, 8, 42, 14, 4, 23, 47, 37, 39, 36, 38, 35, 34, 33, 43, 45, 15, 49, 19, 22, 30, 17, 21, 0, 48, 31, 2, 16, 20, 29, 28, 24, 3, 5, 11, 27, 26, 25, 46, 12, 13, 51, 10, 50, 32, 41, 6, 1 tiene longitud 9790
El recorrido 45, 47, 23, 4, 14, 5, 3, 24, 37, 39, 36, 38, 35, 34, 33, 43, 15, 49, 19, 22, 30, 17, 21, 0, 48, 31, 44, 18, 40, 7, 9, 8, 42, 32, 50, 11, 27, 26, 25, 46, 12, 13, 51, 10, 28, 29, 20, 16, 2, 41, 6, 1 tiene longitud 9257
El recorrido 46, 25, 26, 27, 11, 50, 10, 51, 12, 13, 24, 3, 5, 4, 14, 23, 47, 37, 39, 36, 38, 35, 34, 33, 43, 45, 15, 49, 19, 22, 30, 17, 21, 0, 48, 31, 44, 18, 40, 7, 9, 8, 42, 32, 2, 16, 20, 29, 28, 41, 6, 1 tiene longitud 9583
El recorrido 47, 23, 4, 14, 5, 3, 24, 45, 43, 33, 34, 35, 38, 39, 37, 36, 48, 31, 0, 21, 30, 17, 2, 18, 44, 40, 7, 9, 8, 42, 32, 50, 11, 27, 26, 25, 46, 12, 13, 51, 10, 15, 49, 19, 22, 29, 20, 16, 41, 6, 1, 28 tiene longitud 9067
El recorrido 48, 31, 0, 21, 30, 17, 2, 18, 44, 40, 7, 9, 8, 42, 14, 4, 23, 47, 37, 39, 36, 38, 35, 34, 33, 43, 45, 15, 49, 19, 22, 29, 20, 16, 41, 6, 1, 28, 24, 3, 5, 11, 27, 26, 25, 46, 12, 13, 51, 10, 50, 32 tiene longitud 9123
El recorrido 49, 19, 22, 30, 17, 21, 0, 48, 31, 35, 34, 33, 38, 39, 37, 36, 47, 23, 4, 14, 5, 3, 24, 45, 43, 15, 28, 29, 20, 16, 2, 18, 44, 40, 7, 9, 8, 42, 32, 50, 11, 27, 26, 25, 46, 12, 13, 51, 10, 41, 6, 1 tiene longitud 9251
El recorrido 50, 11, 27, 26, 25, 46, 12, 13, 51, 10, 24, 3, 5, 4, 14, 23, 47, 37, 39, 36, 38, 35, 34, 33, 43, 45, 15, 49, 19, 22, 30, 17, 21, 0, 48, 31, 44, 18, 40, 7, 9, 8, 42, 32, 2, 16, 20, 29, 28, 41, 6, 1 tiene longitud 9765
El recorrido 51, 12, 26, 27, 25, 46, 13, 10, 50, 11, 24, 3, 5, 4, 14, 23, 47, 37, 39, 36, 38, 35, 34, 33, 43, 45, 15, 49, 19, 22, 30, 17, 21, 0, 48, 31, 44, 18, 40, 7, 9, 8, 42, 32, 2, 16, 20, 29, 28, 41, 6, 1 tiene longitud 10010

El mejor recorrido es 39, 37, 36, 38, 35, 34, 33, 43, 45, 47, 23, 4, 14, 5, 3, 24, 11, 27, 26, 25, 46, 12, 13, 51, 10, 50, 32, 42, 9, 8, 7, 40, 18, 44, 31, 48, 0, 21, 30, 17, 2, 16, 20, 22, 19, 49, 15, 28, 29, 41, 6, 1 con longitud 8181
